(0, 1, 112.12938392671731)
(0, 2, 113.29338167659512)
(0, 3, 108.35480488520713)
(0, 4, 113.57612944087302)
(0, 5, 114.8482139603725)
(0, 6, 112.54376748654747)
(0, 7, 112.30678620915006)
(0, 8, 108.00516158945317)
(0, 9, 109.92848545148638)
(0, 10, 114.82356907697924)
(0, 11, 108.84246182850302)
(0, 12, 114.12597237590307)
(0, 13, 108.04051067906617)
(0, 14, 116.41877492779986)
(0, 15, 109.26371616887486)
(0, 16, 110.07699066930113)
(0, 17, 112.6172198135943)
(0, 18, 114.78596612115261)
(0, 19, 108.98533412473097)
(0, 20, 110.68784129108418)
(0, 21, 112.10350960643011)
(0, 22, 114.38034267132652)
(0, 23, 112.65932649842728)
(0, 24, 113.55747722034778)
(0, 25, 113.9267910186765)
(0, 26, 116.17498031853535)
(0, 27, 108.97091022376596)
(0, 28, 112.43050116052332)
(0, 29, 109.69287252244061)
(1, 2, 110.99476518285202)
(1, 3, 113.04102299326483)
(1, 4, 108.1387699026744)
(1, 5, 113.62945107316396)
(1, 6, 111.02170661695688)
(1, 7, 108.39452098386982)
(1, 8, 107.71420414642165)
(1, 9, 114.26042711922658)
(1, 10, 108.33172789529168)
(1, 11, 116.34890297736216)
(1, 12, 107.62257438955602)
(1, 13, 112.65502792951624)
(1, 14, 115.67576014231325)
(1, 15, 111.41035038127066)
(1, 16, 107.50801103878358)
(1, 17, 112.54163413616023)
(1, 18, 113.96180328346132)
(1, 19, 107.92119884919968)
(1, 20, 114.24424547372725)
(1, 21, 110.62068844337517)
(1, 22, 113.84720962686228)
(1, 23, 108.02928254787736)
(1, 24, 108.31129872014729)
(1, 25, 116.12324123086435)
(1, 26, 112.61339517017423)
(1, 27, 108.92040510120219)
(1, 28, 116.49293668244798)
(1, 29, 114.11117721127692)
(2, 3, 112.94820200371194)
(2, 4, 110.45566230381678)
(2, 5, 113.25209804911515)
(2, 6, 110.63849680371713)
(2, 7, 115.29777616072222)
(2, 8, 109.60481999344603)
(2, 9, 113.05620760310049)
(2, 10, 109.62878487944401)
(2, 11, 112.02336880165069)
(2, 12, 113.26048841855807)
(2, 13, 111.36010493803333)
(2, 14, 108.69747962032291)
(2, 15, 113.96769979320253)
(2, 16, 108.92570727910008)
(2, 17, 115.01744542956109)
(2, 18, 110.06194422994041)
(2, 19, 117.35249345260594)
(2, 20, 116.66120439871527)
(2, 21, 115.77382098105522)
(2, 22, 109.05734281335288)
(2, 23, 108.8291723588177)
(2, 24, 116.94951732122728)
(2, 25, 107.58823191977712)
(2, 26, 116.12843951146499)
(2, 27, 115.57528995683973)
(2, 28, 107.80124982941636)
(2, 29, 115.43446086031993)
(3, 4, 112.572823274712)
(3, 5, 107.50364014059367)
(3, 6, 110.37135167698274)
(3, 7, 109.06359638121465)
(3, 8, 109.33210236482344)
(3, 9, 107.69876148574353)
(3, 10, 110.86442705692299)
(3, 11, 112.58808203999673)
(3, 12, 111.85819188703599)
(3, 13, 109.71609450627864)
(3, 14, 116.13984547076164)
(3, 15, 113.30900360194444)
(3, 16, 115.0117277800996)
(3, 17, 114.27510302878068)
(3, 18, 110.49430822502694)
(3, 19, 109.65146090182394)
(3, 20, 116.5915345492871)
(3, 21, 110.2606988170429)
(3, 22, 117.38346999397636)
(3, 23, 110.43091650454087)
(3, 24, 113.21776406822453)
(3, 25, 114.14222965729701)
(3, 26, 107.99549643649914)
(3, 27, 108.29175383874045)
(3, 28, 113.10324026950391)
(3, 29, 110.8238585419789)
(4, 5, 115.1513729915064)
(4, 6, 110.08846360261232)
(4, 7, 109.85526731417609)
(4, 8, 113.3267379136994)
(4, 9, 116.95842724264388)
(4, 10, 108.39873505261677)
(4, 11, 115.79338789779007)
(4, 12, 108.06349173867098)
(4, 13, 107.1180099353402)
(4, 14, 112.52851920091209)
(4, 15, 115.9576454146644)
(4, 16, 109.96304125788333)
(4, 17, 114.14638595853363)
(4, 18, 110.65679052529038)
(4, 19, 114.47302543403907)
(4, 20, 111.39535289993584)
(4, 21, 112.13357897705086)
(4, 22, 112.32058728639682)
(4, 23, 107.90431656231289)
(4, 24, 115.84413202465637)
(4, 25, 107.95592328758798)
(4, 26, 110.05458433039254)
(4, 27, 109.64024050709422)
(4, 28, 114.19939174552873)
(4, 29, 116.25180751947774)
(5, 6, 107.50406996850761)
(5, 7, 114.92616124119415)
(5, 8, 116.17117980385761)
(5, 9, 110.86917120922955)
(5, 10, 111.26475769464068)
(5, 11, 110.03534653708688)
(5, 12, 109.09773995759475)
(5, 13, 114.3709316837364)
(5, 14, 114.7998603229611)
(5, 15, 115.53961030728001)
(5, 16, 116.64116246418105)
(5, 17, 108.38428925371184)
(5, 18, 108.06727430797416)
(5, 19, 115.37255220587907)
(5, 20, 114.41071700747482)
(5, 21, 114.3874698844982)
(5, 22, 112.6542668643139)
(5, 23, 107.74764962191266)
(5, 24, 110.38131063564398)
(5, 25, 107.15622322375286)
(5, 26, 109.86916152629695)
(5, 27, 115.12750135324798)
(5, 28, 110.08639671558089)
(5, 29, 108.04350194226517)
(6, 7, 107.93360017219268)
(6, 8, 114.0359707294818)
(6, 9, 108.28187947255184)
(6, 10, 111.94132241470783)
(6, 11, 115.9755126562814)
(6, 12, 107.19911927883354)
(6, 13, 107.35100223848949)
(6, 14, 109.12255343355473)
(6, 15, 109.73252077857416)
(6, 16, 115.94139168097209)
(6, 17, 109.60556312254617)
(6, 18, 113.1236461634168)
(6, 19, 110.8224220840223)
(6, 20, 110.36951862153796)
(6, 21, 113.97217687038223)
(6, 22, 113.22830995852509)
(6, 23, 110.44581045778087)
(6, 24, 108.2398452887858)
(6, 25, 109.5206345062343)
(6, 26, 112.1014876070022)
(6, 27, 114.26108864413568)
(6, 28, 113.74033272375581)
(6, 29, 108.6999410987384)
(7, 8, 111.69731398433811)
(7, 9, 113.31990943906831)
(7, 10, 113.02639467570727)
(7, 11, 113.63656276808523)
(7, 12, 114.90047837546017)
(7, 13, 111.95799836424378)
(7, 14, 113.77619609357117)
(7, 15, 108.28208134549048)
(7, 16, 113.7055954876612)
(7, 17, 114.80205759045)
(7, 18, 110.12539675406018)
(7, 19, 115.19439827548605)
(7, 20, 112.03620983266553)
(7, 21, 108.71767122391148)
(7, 22, 107.98764569775018)
(7, 23, 111.04938636805853)
(7, 24, 116.60749312834456)
(7, 25, 110.90610663764066)
(7, 26, 114.85068593084581)
(7, 27, 108.79715746360877)
(7, 28, 108.6981292934887)
(7, 29, 110.81638846453335)
(8, 9, 111.33934631618195)
(8, 10, 113.62800174063582)
(8, 11, 111.37546255774765)
(8, 12, 107.61299404952717)
(8, 13, 111.41947745497207)
(8, 14, 112.77367688290107)
(8, 15, 112.0023786056452)
(8, 16, 112.92226671160648)
(8, 17, 114.92376231264761)
(8, 18, 116.12652661617588)
(8, 19, 115.29157040052921)
(8, 20, 108.28654877060092)
(8, 21, 108.31750029355398)
(8, 22, 116.18852493505759)
(8, 23, 110.07470594541272)
(8, 24, 114.90384175739084)
(8, 25, 116.03075581563326)
(8, 26, 108.80856260221589)
(8, 27, 115.33795069343658)
(8, 28, 114.73947452432085)
(8, 29, 114.6718751661035)
(9, 10, 109.98483955829899)
(9, 11, 107.38866146850208)
(9, 12, 112.6170458415161)
(9, 13, 115.75871432370319)
(9, 14, 109.11303015086399)
(9, 15, 109.99911111949864)
(9, 16, 110.34719401496382)
(9, 17, 115.88769001119203)
(9, 18, 114.38153434241705)
(9, 19, 112.19661646403739)
(9, 20, 116.23849234766364)
(9, 21, 115.3376094049655)
(9, 22, 112.6088386843657)
(9, 23, 117.4292058663816)
(9, 24, 113.5746114517592)
(9, 25, 113.68413260322114)
(9, 26, 113.51581467614075)
(9, 27, 113.49480059525415)
(9, 28, 112.9065304180466)
(9, 29, 114.73035142993295)
(10, 11, 111.99773907900509)
(10, 12, 109.27686128459548)
(10, 13, 112.2898063332171)
(10, 14, 115.45071474617053)
(10, 15, 108.23773293426605)
(10, 16, 110.22901318071472)
(10, 17, 114.19959483773766)
(10, 18, 116.66644536127058)
(10, 19, 112.5660677179132)
(10, 20, 114.26717536113019)
(10, 21, 113.42562750929578)
(10, 22, 111.59589115664339)
(10, 23, 112.83419434725903)
(10, 24, 115.94757319378098)
(10, 25, 116.24421891952002)
(10, 26, 113.2987389898883)
(10, 27, 116.93662535256738)
(10, 28, 112.19138730754082)
(10, 29, 114.4428948024719)
(11, 12, 109.41630567350147)
(11, 13, 112.31632528006786)
(11, 14, 114.15502778469485)
(11, 15, 108.40960948284626)
(11, 16, 113.09732028205202)
(11, 17, 111.72991567587505)
(11, 18, 109.47346418568605)
(11, 19, 108.81586854403513)
(11, 20, 114.98526401867338)
(11, 21, 111.71351864777964)
(11, 22, 110.87449854889464)
(11, 23, 111.18797014440582)
(11, 24, 110.99264675635499)
(11, 25, 114.07464801439843)
(11, 26, 111.26669121124456)
(11, 27, 110.18193503134988)
(11, 28, 115.42395725506448)
(11, 29, 113.84032798095066)
(12, 13, 108.42620999137013)
(12, 14, 116.3013026081327)
(12, 15, 112.69321198948953)
(12, 16, 108.23515048464505)
(12, 17, 111.78379545515962)
(12, 18, 114.64869599263258)
(12, 19, 110.98003220880574)
(12, 20, 116.239967442515)
(12, 21, 110.91501004111954)
(12, 22, 111.1235218511262)
(12, 23, 115.39275866890749)
(12, 24, 109.9305447661423)
(12, 25, 113.35638919141869)
(12, 26, 112.45982917395679)
(12, 27, 111.4500606893259)
(12, 28, 111.49997238669772)
(12, 29, 116.12360579449626)
(13, 14, 115.53258541194079)
(13, 15, 115.65026308470493)
(13, 16, 109.96488762203909)
(13, 17, 109.05587315770511)
(13, 18, 113.85705617069344)
(13, 19, 116.19937198899044)
(13, 20, 108.33501114834034)
(13, 21, 116.67928251346082)
(13, 22, 107.92484799515692)
(13, 23, 110.56926910764523)
(13, 24, 108.1788720558972)
(13, 25, 109.28098992911255)
(13, 26, 108.19255226725477)
(13, 27, 114.3153974566823)
(13, 28, 111.76585852740652)
(13, 29, 114.10157653786032)
(14, 15, 110.41344002642305)
(14, 16, 115.92332564488177)
(14, 17, 112.02800029920999)
(14, 18, 109.32930968095037)
(14, 19, 113.0212317891705)
(14, 20, 112.83029953527391)
(14, 21, 107.82479385436382)
(14, 22, 112.10941017929613)
(14, 23, 113.31535853714033)
(14, 24, 107.6286220596714)
(14, 25, 112.10253574868064)
(14, 26, 111.12908634507883)
(14, 27, 110.90871122584025)
(14, 28, 108.26708943735933)
(14, 29, 116.1945072624909)
(15, 16, 115.69037680274371)
(15, 17, 113.38663235227247)
(15, 18, 108.7320695166083)
(15, 19, 109.78022138259871)
(15, 20, 109.97754214041814)
(15, 21, 114.87244966367525)
(15, 22, 111.05809422977347)
(15, 23, 111.74940861709509)
(15, 24, 113.2250360476602)
(15, 25, 109.31640291237233)
(15, 26, 108.74692291854113)
(15, 27, 115.1952317137184)
(15, 28, 109.2848004137872)
(15, 29, 114.12913623412805)
(16, 17, 110.3324402716334)
(16, 18, 114.28976018671109)
(16, 19, 111.58741606855239)
(16, 20, 109.06520336166083)
(16, 21, 112.29480318769612)
(16, 22, 109.32403584045083)
(16, 23, 113.08995172013131)
(16, 24, 107.46895103330992)
(16, 25, 112.45396099012682)
(16, 26, 115.47195026058563)
(16, 27, 110.65127405981893)
(16, 28, 107.06372731162719)
(16, 29, 112.14604046601129)
(17, 18, 111.1749565461237)
(17, 19, 111.30629270760677)
(17, 20, 112.43482467676778)
(17, 21, 112.10432456178563)
(17, 22, 113.38145138487334)
(17, 23, 107.85974970114383)
(17, 24, 116.30057798349867)
(17, 25, 114.00816422920695)
(17, 26, 110.55974973749325)
(17, 27, 115.92845655573296)
(17, 28, 108.39032447233151)
(17, 29, 109.95720871438712)
(18, 19, 109.3575517172935)
(18, 20, 108.95309919769349)
(18, 21, 115.1939796448691)
(18, 22, 113.47924159398912)
(18, 23, 116.37542960763493)
(18, 24, 113.81601286418773)
(18, 25, 109.38793064931299)
(18, 26, 107.49072141118556)
(18, 27, 110.2312943125575)
(18, 28, 110.22466911647672)
(18, 29, 108.41246318303064)
(19, 20, 114.73751855899505)
(19, 21, 113.42995350107857)
(19, 22, 116.7156420335614)
(19, 23, 108.05729375980924)
(19, 24, 109.07105301110462)
(19, 25, 116.40087148703589)
(19, 26, 111.8012536744968)
(19, 27, 108.31862055007095)
(19, 28, 110.14294319894762)
(19, 29, 113.33264408330463)
(20, 21, 108.16559498477216)
(20, 22, 113.39357902066176)
(20, 23, 109.20869157898683)
(20, 24, 115.11315460976479)
(20, 25, 116.82925461638735)
(20, 26, 115.19117496104434)
(20, 27, 111.54797077434186)
(20, 28, 110.50234066459247)
(20, 29, 109.0302746915786)
(21, 22, 113.41305858317092)
(21, 23, 116.06707668060729)
(21, 24, 111.15909588596233)
(21, 25, 112.74605166258749)
(21, 26, 111.14022075718096)
(21, 27, 113.00111435492781)
(21, 28, 115.87522550525603)
(21, 29, 114.40312208463621)
(22, 23, 111.33973666609177)
(22, 24, 115.4050729593142)
(22, 25, 109.82704949591609)
(22, 26, 112.29986512474142)
(22, 27, 108.99679246775125)
(22, 28, 112.15989250676714)
(22, 29, 109.52179265967182)
(23, 24, 115.49171612937573)
(23, 25, 110.46852101132)
(23, 26, 113.26901607020338)
(23, 27, 108.25023524274647)
(23, 28, 113.98145001435861)
(23, 29, 111.57852771984811)
(24, 25, 111.84234572240122)
(24, 26, 116.69047334307487)
(24, 27, 114.82961281331798)
(24, 28, 108.01316870444994)
(24, 29, 108.72488024462582)
(25, 26, 112.4539619286604)
(25, 27, 112.37721679585437)
(25, 28, 114.92529815333495)
(25, 29, 108.34101006191109)
(26, 27, 107.59776256619924)
(26, 28, 116.28766541851981)
(26, 29, 113.18042559022713)
(27, 28, 115.79593199251316)
(27, 29, 111.02148924397747)
(28, 29, 113.93713919817344)
